1.5299737693741933
1.2629407112994424
1.0394877383177588
1.0300460240802458
1.0800464893910044
1.5390878216557062
1.376162543137374
1.6131175498458523
1.0100348533869319
1.438075587666025
1.0477013961111474
0.7512015551929249
1.3178776682773001
1.2497163844655998
0.9715867393378249
0.8919184637500509
1.7197773971889692
0.8109060849754858
0.9992265362764152
1.625519241787048
1.4408013241330675
1.3721582335949003
1.849325198745333
0.7136534380541115
1.0948699788216574
1.6567931288736069
1.7657528048188555
1.676073980939743
1.623357436960503
0.8943260166232295
1.2901216717151223
0.8471274957667475
2.036310754852531
0.8141924305328999
1.7202198828595463
1.2760926905636572
1.2526552663540123
1.3605504766614251
0.8731182321038216
1.1374360395641632
0.8523879445064227
0.9155350144295611
1.3046851321975939
0.866824990593194
1.48942617020851
1.4663243198726823
1.5387421176222356
1.194680306425705
1.2004953093084296
1.692870424071292
0.7280111764363567
1.9545917846051433
1.6003788629068199
1.1032336631559265
2.330806651289188
1.2167468086638829
0.9267391511386569
1.2704937596900023
1.4574715349514125
1.499275992021094
1.1364061294437249
0.5402772231504417
1.5063769250566494
0.9801932206989061
0.7910331396798216
0.7081221677462801
1.721736338354217
1.6619378008417391
1.0219457190919883
1.2600007588497197
2.83018272429442
0.8028952800229211
1.0693332200041399
0.7465068578378449
1.5064785224162962
1.1589367517066906
1.2819973947654315
1.8159298982612442
1.9974960749909467
1.4962908599370472
1.1272882102708468
1.2408858928600204
1.4432220353850211
1.131928215838453
1.3457683983529725
1.0425689777561113
0.6414010799953178
1.3525646293755138
1.4358379384313271
0.9615430526325931
1.1404870307051207
0.902256653166331
1.7961051200506473
1.0835208692363962
0.7191603046630558
1.0041658320826452
1.298272127379224
1.1327575528537517
1.643406613236219
1.0702222796067873
