13.676074275147887
13.065806337467707
14.144675344072855
13.658883391850047
13.66102169196612
13.45564619554276
13.96133574334208
12.864462784086262
14.46600315960911
13.60367635918139
12.61504553944189
13.025988956231387
13.745783576408696
13.410596855303647
13.78145032498425
13.29377719244688
13.301614756863982
13.064836239159607
13.183835251498877
13.321879900224177
13.865508905557375
13.620744713892899
13.16832085028406
13.377866873027845
13.423250806948083
12.984051239969068
13.762946822602895
13.638384205347172
12.655941231291115
14.344230255719458
13.417824316120749
13.798877630912823
13.459189895854463
14.019294011563636
13.716319297619103
13.580288626056277
13.593509697652525
13.204358802899089
14.215941496465554
13.51306452538429
13.54698277756058
14.903716315867058
13.346185655710963
13.841321429687799
13.742955957746846
14.281701986460071
13.653435810172029
14.654260885349649
13.378905020628435
13.161959464606412
13.828532788390099
13.110387556120212
12.6288596736596
13.538132716246537
13.454301893617012
13.78319911827217
13.305580145269714
13.580707921257146
14.30317784059983
13.543711959049807
14.587660747776619
13.204192581781568
14.087508896147943
13.683265704392356
13.5206800542843
13.065215762031409
12.977259910720482
13.546584392449745
13.839351235565474
14.01536169960051
13.006727990110608
13.816733244648812
13.596800910726781
14.040935378867909
14.274719795082303
12.998285125024688
14.007423974099579
13.793080116909307
12.972759985737845
13.156453595043741
13.31840630087526
13.91242074462071
14.179450878671313
13.919389359171713
12.726161920772514
13.193709835926818
13.111113237586526
14.074539593560134
14.089936875490409
13.812984714595093
13.19003084328275
12.887558734346662
13.8909211110277
12.7839697415299
13.82698710449058
13.725578645671634
13.392973356501924
14.153589798442201
14.17253695201981
13.900242725145969
