17.065632451089662
20.248412394778825
23.036811251365066
20.462180331338093
19.107371021365413
19.35026629086668
18.708889054286193
19.80902602415987
19.232271242452153
18.702088323258927
19.33224298401536
19.510295737488
19.47364631065216
17.60585335577222
22.667990506949884
17.24951054445001
19.406144926357726
19.87775692524115
21.061848918033206
19.292112969957973
20.659715297834435
20.452661763335396
17.36308898583685
20.942044317127234
18.83147535525496
20.422733181407324
19.221852519329172
20.73301314861747
19.876506959158533
19.525031629227225
20.31524223815491
21.81609722014428
20.524606397159374
19.155719308787663
19.055571181676974
19.8297680895359
19.435531747341123
21.549694991354126
18.8146643053541
19.43634670282401
18.498359220047206
18.902524383713974
19.139455335603298
20.084190596484785
19.77525753493155
18.521544114137075
20.51718319720076
21.161097945907635
20.985380964405017
23.005814951854582
18.331079763924354
18.89570066618607
20.28873189958921
20.339805081618255
20.081660216910144
18.43116847073236
19.51938868844431
21.23727941032468
18.148641185368188
19.121517851888427
21.819007530028752
19.252200322022766
20.017283223863092
20.967027739195323
17.890055273718424
24.10081112761324
22.62134036002549
19.791875088763216
21.046668820998963
18.632333885195045
20.046698450100724
21.37564168705052
19.6691515227941
18.139392743913795
18.465374809661668
19.600461025950583
20.117678910723185
19.706962750425646
24.326851148531148
17.43867789702864
19.088552272709023
21.359981701061425
18.4745437401023
20.8578701152477
20.322783821718502
19.08362748571019
21.165558351500977
22.15598548490074
19.275390629705182
18.104449991828684
19.54835034666834
19.120011573580282
20.533128887503228
20.010708596123862
19.777745733315072
21.078141898019005
19.984545894722398
19.252973182896763
21.17639312161539
20.551445286854467
