1.4643861026494482
0.8867062053732474
1.442143736723275
0.871541365145
1.971913985048624
1.5995508480588585
0.9558040973100154
0.8678038878762715
1.6021555430605354
1.0371750642855646
2.1060357197235278
0.9920399763973315
0.9324161256062737
1.5862785707014235
2.075345509399013
1.631599894982732
1.002886160675287
0.7185808411203345
1.2547985593992568
0.8640037554156305
1.5803723282398414
0.6417000814100527
1.1839114778712805
1.2468544416668663
0.9069170742848062
0.8612785402564191
0.9535874188191718
0.6403363139777312
2.694223001828734
0.7320302197126712
0.8462433704937221
1.0329997458860605
1.270309945305063
0.7241909667598425
2.631997918232195
2.5169105547425414
0.71617369224451
0.8401096132253574
0.9318111580465958
1.5641928567629702
1.281243219232639
2.0138527200032468
1.015201404758857
1.139112440615116
0.5533790528653448
1.0946924574861674
1.1376750088797438
0.9376220066937446
0.7219054265727182
1.2075032379372619
2.1281759869417027
1.720953157274756
1.5765996349080198
1.1351633548700126
1.0939839493429717
0.710713251253699
1.040536844022095
1.8993669709830092
1.1625686873821244
1.2464350961486381
0.718830049456743
0.9999672871600365
1.4404318608535256
1.2493075177868131
1.3430504445450708
0.8934000373454651
0.6328450844916566
1.0804574900566883
0.6892427192253076
2.8902679911301643
1.2373895582568597
0.6253058199058217
1.1830134365945102
1.0319923096799064
0.6797996169870035
1.2729801310733833
0.485035334927565
2.108548315415647
0.7267216168613096
0.7842003959248378
1.9954202787133428
0.8604924630371296
1.9399302440973387
0.7451065588622852
1.3690048183301928
0.6281853300527974
1.3519376352809984
0.9592802956565587
1.2446823028176006
3.3344610118419795
0.8009942676304032
1.0372458115225411
0.8577273279745516
0.4999336847068753
0.9898743364967975
2.1869465297915607
0.7110593824867388
1.1779955335749643
0.5996563268000527
1.4221927389916331
