5.653340390526367
5.6492508227511316
9.777241456586392
5.689586389082215
5.769882985687358
9.03466799058714
6.335753803612622
7.170734733519449
7.6013653447169895
8.410858735791397
6.559951595443244
6.983572516455989
3.492057440599093
8.789913700179293
8.68092937444533
9.752198549722575
7.21164355657913
8.003773538340337
8.149507690579052
7.04657849399066
5.73282669967066
7.830665325252804
7.004606478202165
5.354206705059021
10.109341837302162
6.034763843444703
5.9947780021330725
6.781575123384998
5.575316758720577
5.905984680067971
8.285813521098905
8.95877443541617
10.445851051812664
5.686138768405667
4.100260120875567
5.511578761219653
5.746644888020132
6.511533153667859
6.675632543146097
8.328432297512355
6.648520484048901
8.334947589257348
5.593170127134809
7.278460570528617
5.653585180713182
5.405246161649961
6.381259446971203
7.805690210398313
7.602786941078831
5.422739998855651
8.559918926957916
6.274633344440984
6.177131817892599
8.146591198646304
3.8603323617154612
6.519878559970858
10.694297877903745
7.3262915382193485
6.3306409074520085
5.714410362224479
8.409228321849495
8.41740177898664
7.310574688794482
6.124747691138075
5.435901674494733
4.7929279943177265
7.475290049769943
7.207094109253458
6.414670450470761
8.04687847970684
3.826652747145445
4.6910273806854486
8.222578676805053
7.347289657607155
5.8684236628474125
4.712248455332383
6.0758044782386085
8.887432484684908
7.030760877934075
5.388787626046079
6.14396462099324
5.849112392650995
6.563779197185351
7.335026842955124
6.368751408978875
6.354736555038488
5.937985820683475
6.730630996371443
5.941545848568976
8.820444096896678
7.00152799170448
5.302837808954404
5.262715773285251
4.383057755342128
4.180313007795046
6.334248798370669
7.602605126211633
7.142822544481897
5.942503332837669
6.369548855702308
