8.0979709508878
10.200269739080845
11.967863051758737
10.56158509124621
10.221696766077008
9.435410351696763
9.120770343756485
12.234950922699927
7.541567151219471
11.32249190869579
9.682783321335416
10.419857271910292
8.208523280794491
10.328834772641413
12.1795066664342
7.899437599226423
10.299806591827545
10.442677166930444
9.551163556294748
12.261505246133229
12.62206720333551
11.268985084650916
8.930356719596015
12.202532406528714
8.700866447363117
6.857603498779904
10.58671564559774
7.147479206143945
10.99252522645408
8.445094955766455
11.948890273381618
10.369991972943208
8.977142196849064
9.816353539749013
9.018629896071522
12.404973724436129
10.134793511072282
9.558734146926946
11.43652053832197
11.2733423611365
12.286062002935038
9.889036427022912
7.850559289220326
9.417901437511807
12.552996023257402
8.755108070750852
9.36330336173696
8.037321225642096
8.372666467310358
11.02016254448879
8.589649976387822
13.959999655344667
10.669333335829585
8.377648030960726
8.867970183024882
11.462766972254748
10.192185571866476
7.199931963485378
10.37078310307884
14.299953020920661
10.857877109423208
10.306399896562674
13.011655898228257
10.191845749113249
8.544542500372664
8.85843756312081
9.544972291482997
13.966252329216188
9.122761938004386
8.185660364545072
9.052441607787124
13.149650906565869
11.179649485645138
11.097228674205576
10.932365125781134
10.364633976451369
10.363519475461116
11.456466799385504
10.867840144138963
7.465184951110314
9.239248155588886
9.291945831922519
10.225972278262079
11.188738873342132
13.500009228222211
10.995259905741943
7.573387814512562
10.35755515603392
12.817774050657151
13.46532340891095
10.981452511283647
10.612211559483795
9.157489579792005
12.562163715024665
10.410320973295047
8.475981155511311
8.862236644881289
9.205345346528313
8.247055372969664
9.544338258482528
