3.0380671701902626
3.3744130554256695
1.0958514006377387
3.2951858893387858
1.5903405129656338
2.984343217321559
2.9673169262851378
2.1382727383580344
2.966133492281772
3.1191301557642963
1.5517878491203059
2.4985402398779586
2.5442267105116065
2.8661350362302582
3.404172544504751
3.3581413610940376
1.7025698910579
2.7422298399189016
2.325248088940345
1.6251376294022024
2.9953110514939385
3.4959593069154526
2.529629001165505
2.5264693960897837
2.9245716866069693
1.5414510205631713
1.2605997300309526
2.6433967089920847
3.237111347029492
2.6336665515720057
3.0443963971766608
2.9964615677228434
2.2516054710474376
2.4150303760891307
2.962448488085793
2.6944219667870355
2.143762839949266
3.1034340609470084
2.7843932628434507
2.5076933732718896
1.7431877720444096
1.966661213756864
2.9844864074149875
2.401264870572144
3.0508062395787277
1.9392890364738034
2.4358405391170623
2.6034231136689834
3.1887777574162883
2.3401695439474692
2.4348707599185784
3.1250078200888853
1.5600072395805737
2.4073268884626766
2.903983077833093
3.3197022515904533
3.1496024273680696
2.588456209249943
2.687612192623536
3.045624537510005
3.3429547158816977
2.189422239329314
3.1342530007128353
1.7692116086388983
2.3656243926052487
2.632472702630665
3.2839276828841752
2.528962939721342
2.882489253513283
3.20800399426055
2.4835223625542433
2.7007141501324465
3.453030151079384
2.3690199818186017
1.7102335660744308
3.013674194544758
2.3491820313500353
2.2887693285855226
2.4807486843598183
2.5635485173931496
1.6307876926816496
2.1644933300849676
1.867435896372873
1.7700221760376396
2.6187330068744554
1.5389734953109924
1.8680955019031862
1.9296536797965023
1.9797609792358588
2.76207898702907
2.3189496009595394
2.4469601089514894
3.5904734983363555
1.1901068127688008
2.398446995224247
1.249970737226575
3.2899789991793225
2.8557028177532593
2.6550741328016176
2.829982450512081
