1.4704852081078819
1.5458806476041327
1.1196008852532102
1.931924608071708
1.5118907892582873
1.7214989077110066
1.5672227756547623
1.6855114204522315
1.3593198841563008
1.4329939210266756
1.279789825715351
2.002673847902525
1.7914883055834825
1.5009008391533933
1.298431696868292
1.7098702097036822
1.8530526097474351
1.4463957919393178
1.4245279572608556
1.872140619168779
1.9754588381427987
1.4744016865448148
1.6544797618774143
1.715637722858126
1.3933066219631167
1.7272649797622759
1.6779842973552899
2.4104498079673284
1.6299504597797179
1.4898693693233833
1.3994257995260102
1.8564164802945327
1.5293186791583846
1.5799648095975762
2.129107562640119
1.6435616592452231
1.3809559777420677
1.3491024324662149
1.7240022047889427
1.6355901241756376
1.3326828445285022
1.972981080168591
1.321072599060113
1.92697311428678
1.9430575556628917
1.4099699828370862
1.3645440402727347
1.7509423510048376
1.241486902077449
1.4817851824398722
1.69695463158355
1.673230668996704
1.8079722356325216
1.3526130828453928
1.6710389832109802
1.3172950231814327
1.5765508366233978
1.3455716099698862
1.7260113363509513
1.608428166611367
1.6362914530671977
1.1591100667837564
1.0343311832068258
2.1973791402741756
1.9966577373816785
1.488599987249759
1.3444403953451254
1.2889462557259326
1.6428339145448643
1.3889298899247233
1.2925217264902458
1.9001868124365873
1.1307523481022546
1.654025281623975
1.682058348875113
1.6735706619558997
1.6403430442654292
1.4609022231929107
1.5357106594280063
1.6950246927784312
2.1943202021239596
2.1937449129266913
1.4348666295664454
1.5186829471124261
1.3646010417382723
1.34442717121847
1.4718575395982936
1.4161017257567545
1.7077733754303475
1.7249996558857237
1.9355686272534034
1.6423723611045864
1.558182595749276
1.3861873888432235
1.1871004544823522
1.5427610317431282
1.7359442491621064
1.6597096798580706
1.7453688835923566
1.4064916303130994
