2.551746296220199
2.8695843026150087
3.231612097451105
2.35694518277583
2.7063243062399764
1.852919837134224
2.666963991497889
2.240860477459341
3.460222545760133
1.5819787661385287
2.517247584870364
3.547761731933289
1.893631412621366
2.476374238113229
3.011937708523886
1.115996393073862
2.6153951100314248
2.0954444409955935
3.44058681243381
1.8768558955159214
1.9451787105334386
1.6854928569776888
1.9106975399983948
1.807933142946009
2.5042294223895296
3.132100308900452
2.0117982540864974
2.098322260723014
1.3789816745166557
1.0091329120411103
2.0090775952167412
2.616566008371085
2.6293146867140194
3.0757545503227774
1.070104749705247
3.1137702995875043
1.447903187761607
3.4334654997512577
3.382960630786226
2.0352112189656046
5.288914248887915
1.155028343230762
4.631559247601403
4.525298773944414
2.5575578266422045
1.2944144201909145
3.08519147697868
2.702625446201505
4.8447620664074105
3.868827167790038
1.5562665760732777
3.5621012095131155
1.347567094740458
1.7543789076829985
1.062008542030719
2.588804226880277
4.459370722941695
0.8334612442113017
1.4175149978640362
3.7051141162082266
3.2306302328686978
1.362220189356107
1.484125823614841
2.5782742886929926
1.0803831897921095
4.030295925204565
2.470536224880742
2.2993850884229183
1.2656275013459117
2.6509633717357635
3.1363415237150276
3.05839124245638
2.953852807202369
3.8707170090016474
1.2262689427556
2.541276896857949
2.763400886637814
3.1924093208519992
2.563575335663672
2.8287125057771005
1.4311233570551478
2.822256516809167
2.558769258926954
2.3732603326377193
2.958604520012827
2.8706550732225713
1.4241701890691993
3.139056511166849
1.9456412974927333
4.082320849730411
1.7606721045912015
1.9506219596773842
2.9164774652548435
1.9748245844851504
2.7397310518308235
1.8064746139920904
1.49764338520308
4.12181577467994
1.637746919492333
2.253397741947691
