1.210842335311103
1.3040298708468379
1.3229666794520247
1.7142996254331053
2.216743203842245
1.3683827355839087
1.0779480468041462
1.4449326772144833
1.9289687017887378
1.7897751803514994
1.6833993336411834
2.06148000527844
0.8331080055537393
1.3168318220012927
1.5276683415278027
1.2228579219420084
1.0639472058271715
1.148831546133851
1.4722632723470948
0.820604135046948
1.4043019122720886
1.940814559691989
1.486509324870378
1.0682881839336948
1.091255441667391
2.2915191489202127
1.747223458654122
1.700771990485004
0.9978783603514878
2.0391214208496953
1.998212379524565
2.1231338049385338
1.5635335437033921
2.1418372774969825
1.599439236017964
0.8948193602355724
1.5958230468931687
1.7712476662069583
0.8274482683698536
1.0096131064297778
0.8838775818267114
1.3139163261008697
1.4504969866543787
1.3144558639240704
1.545602353758041
1.1704158844223735
1.1115349234011938
1.3444753119812884
1.0992007645787651
0.8953955799110503
1.094405069570689
1.4530471933593447
0.7042127741488907
2.2935406996935583
0.9748841094250311
0.9466709291607466
1.2816769929567828
1.1066767031777867
1.2147660540114091
1.2423176505177802
1.3117498791484319
1.0584872277224104
1.3077631427499787
1.879733505693456
1.2036757850311295
2.051511548887039
1.7975827956924029
1.6714832801940114
0.9325782869052383
1.1979070703162469
1.0292585888732484
1.1185760672371672
1.3036446570248006
1.0348430734990297
0.9736780897931495
0.75088283627283
1.202641842797849
1.3864748750476203
1.594384625752017
1.154578257429501
1.136708580827945
1.0864946340430042
1.2097401436660786
2.231625187628934
0.7308217870721231
2.907187268288952
1.8296621098702541
1.1042544315405602
0.8296366626723563
1.1452764788936602
1.3353226022352367
1.0263084168349887
2.7026946123765065
1.0771518189197764
1.048547209839003
1.6176477619476628
1.2487872903169912
1.1204799810333403
1.566726507479184
1.5535316243937074
