4.8428394655168345
4.961526399838135
5.359950104611352
4.100306585578054
3.8435512807546517
7.127807599962768
6.052909777670816
4.0902612225051405
3.086920759512588
3.360278876011317
5.427556655730236
4.889922758981146
5.2660560811994
4.110419168868219
5.139586403389791
2.2957311371656326
4.409510277767957
6.393920118697182
3.8174079032261523
6.329611526563412
2.485860239493526
4.392191331756464
5.63603557658604
3.0693411452790196
2.1628079889455036
4.990505730984063
4.82706804676624
5.6997523502433545
6.128864001886134
6.438025984561578
5.094447663853479
4.4562236002381646
5.024980274287038
5.372449806607662
3.7975262014680737
3.855337994035406
4.2153809362839345
4.210246087343543
4.08826472238342
4.6910489698626
4.257066349186509
5.659703927717353
1.9228500773591601
5.720578519781301
4.6670964065939
6.036410902011197
8.08047887906324
5.100618307629179
4.25956292544274
4.344366132904882
3.540943519262084
4.42367521493672
2.2747070544517314
3.1715993270357568
4.82110849244779
6.973630448496776
5.560439549705957
6.046421195079026
4.216775821082124
5.336185869774703
4.966451255633966
3.191117896056842
6.401973548076884
3.77046075792721
3.361485759091516
5.139360604024937
4.8928147511948605
4.127280524233974
3.0225945057480232
4.4002667819018715
3.0708933753835312
4.477087162644275
3.4019153965225373
4.29644499614614
3.3711133742755157
5.003350099456192
3.0416423457793185
3.1257314975375246
4.920743334890082
3.169663585764452
4.369515507611869
3.3440791495140556
6.898132831108215
1.3894772203600185
5.921001023159594
5.478291722136387
2.8578122052760433
5.165650536503362
4.412896470341185
5.085473536945859
4.511966036578265
3.9745138059037894
4.863970899129374
3.4376046608108877
5.243834392894127
3.34449852452972
5.091730837927014
5.560180445943294
5.680502198493618
4.3052695455285335
