2.212613527500728
1.2834989792948823
0.9318218912683669
1.0275160816699445
1.7202798086963091
1.7686351886026792
1.3503028739823133
1.2177160695565241
1.0724843562801225
1.2068380504214289
1.4902244545839887
1.1835373135965146
2.637113181675275
1.2807947058906552
2.447559861817013
1.868382877554831
1.0993084866394525
1.3378002432274942
1.197712706303824
0.9413922625904645
1.6868492736543006
1.1198478671866439
1.173718939831774
1.5400460752889737
1.3519421232387383
1.7205147849642886
1.6818458770975648
1.1660202326188807
1.9444511510927633
1.9331479990324238
1.479565139940845
1.9147245012404097
1.760617343301855
1.382789072980663
1.4466831094399215
1.454276189203392
2.3837600705152306
1.6048211507527625
1.5407839915741743
1.393039505551522
0.9455026326647177
2.1412793944083957
1.6663334917510806
2.200404988595726
1.0797436392662134
1.3372259624032203
1.0411907943255585
1.7013423119639985
2.1627469144086375
1.444245960566767
1.260744744403911
1.7314029085832705
1.1440523354217504
0.8996066520052695
1.235215077576272
1.1785419803359076
1.0950481768323164
2.053354200985313
1.4293826124408704
1.0107828774197773
0.9394109274633731
1.1636463756275226
1.214532075752453
0.9366102561961908
2.087714266622318
1.9378594188452691
1.5886614887847508
1.1787858570032557
1.0086916949173272
1.4159388777108906
1.0494512222275463
1.482865731230459
1.624692600747422
2.165258798410511
1.3462727639483227
2.2785712270400373
1.6515731861107517
1.2187352181771491
1.1559629168663679
1.0982637074717143
1.6462859197727566
2.202708542581737
1.2524760412575195
1.5044406599681317
2.3098256021040973
2.0580074472644694
1.5953611565718515
1.237818467700775
1.1218625915342955
1.1778168581478623
1.0661933506436008
1.247101608912464
2.1719274392059127
1.409555598132571
1.265513389671558
1.3787601331712847
1.251138388487759
1.2052842912393367
1.4251482347539453
0.8243242818362857
