0.9156705842952589
2.5994005200635937
1.3880697163769502
1.339620497966184
1.2181258070960395
1.1002840358302564
0.6732700443949979
2.3028321776612204
1.7757900880396844
1.3502058074432666
0.509028192823362
0.4977059568040803
1.2585462087033397
1.2323030883914627
1.0009800955186643
1.4810481873415928
1.9553539310411767
1.64216371886693
0.850191401399287
1.4092773644742136
2.3626708958650506
1.0891863478183212
2.6349633038086844
1.3335885347783818
0.7516504211911776
0.7004297059497611
2.347801304685708
0.894823501228759
1.54286781529947
0.8816298986585276
0.8050042848828959
1.180499268962072
1.3633644986304854
0.8275404299834027
1.992615085073302
1.562434958386473
0.9040950551435664
0.8336846495953937
2.190812426016757
0.7914431868298155
2.268538783100497
0.791950279435054
2.287326736132529
1.1592881215674018
2.5990955127664477
1.2533979508493642
0.6676012489565696
0.6115179153201936
1.5735178749902259
1.986054796218505
2.3279788879442194
0.7182868135677472
0.9895146756048172
0.9119840916985548
1.166794142795532
1.851050978476185
1.505135207071253
1.8000037610618917
0.7388067779479474
1.5190794456798922
2.204619446626005
1.5124730575615186
1.0591707456848505
1.6594451234217034
0.7276546314245539
0.536751052300169
1.6197601005153164
0.6127375193700806
1.6119164447063339
1.1338324012016694
1.3348385350527203
1.1147945515508442
1.584885455782848
1.2497945703215725
0.9891063150358952
0.84028668443424
1.7071946038038437
2.2049332997197246
1.7891144946475297
1.5490669549860732
1.2664377254497288
1.3000939849342976
1.7503768499282977
0.9192673920938133
1.135304649351127
0.8404684275651816
1.1172528625434799
1.3891352956290928
1.07961930776871
1.7476998793831706
0.834920796123282
1.7154573107528763
0.8456641669557964
2.744555128259109
1.6461686136052072
1.2345571251115008
0.6090576515748816
0.9352377814970646
1.237551975708482
1.4343694257042188
