0.8945179922142744
1.6103087125390572
1.9971346935176828
3.5186320049506534
0.7933665140720727
1.346023797194635
1.3284168596113526
1.4564869606719932
1.171076340517287
0.9241780662982986
0.6466590279101403
1.2517977664212683
1.862355942471485
3.1638906575097954
1.6688512991321345
0.9400623427002895
1.100300009044609
1.7756702900584482
0.8760684398847838
1.5903261501657617
2.5345885634800718
0.906058577300561
1.9421885371312377
1.8538335880993115
1.1244437907173856
0.7963266682428696
1.4572397435424904
0.629101481855549
1.484917752297528
1.1185935226294406
1.498664554347842
1.0391707037505402
0.9057013681821605
1.5834685717246733
2.258486037721142
2.296284719755798
1.637154269536391
1.6611268884145276
0.9498168290740546
1.7865046795923332
1.1830642016250639
1.7719536323244656
0.5425383329119081
1.172264244605549
1.636067482903395
1.2724578943573162
1.6454880053405305
1.5385976512036876
1.058739376970911
1.5631183042789625
1.3373704114845795
2.1284646339642515
0.9649265311741106
1.8952184915467298
0.7768102394061134
1.5661848165899424
1.0257799248263757
0.8817296243661383
1.1051339897476853
0.8221447376866234
1.2829739517371301
1.5202344400571755
0.9308951191404182
1.1043296436320136
0.9398350032603106
1.114702609943632
1.462520059661807
1.805585576749709
1.4231855166176584
1.1881188211106144
2.1459513411218505
1.8912074491054855
1.1222399714201445
1.4691584735717667
0.9748765459569648
1.6676682441567596
1.4377954432668372
1.3911877878421588
0.8807521998998156
1.7190159406732046
1.5412948806340216
1.049655598747156
1.65779410447511
0.8543803159548705
1.348448362925951
0.7132997254405323
1.8340947224135504
2.0515318414580146
1.3398172704925981
1.3043968899469887
1.467189447290601
1.7166401261855166
1.6764218208141868
0.8510623622439952
2.494007801321547
2.7618991794038212
1.0710761806984117
1.7082317574981138
1.0317768249275547
1.1946507470620014
